shape_id,shape_pt_lat,shape_pt_lon,shape_pt_sequence
10AVTA,41.455268,-70.601326,1
10AVTA,41.453917,-70.60126,2
10AVTA,41.453624,-70.602848,3
10AVTA,41.453568,-70.603203,4
10AVTA,41.454506,-70.602866,5
10AVTA,41.455234,-70.602865,6
10AVTA,41.456144,-70.602883,7
10AVTA,41.45823,-70.603777,8
10AVTA,41.459588,-70.603458,9
10AVTA,41.460959,-70.603091,10
10AVTA,41.462351,-70.602679,11
10AVTA,41.465108,-70.6013,12
10AVTA,41.46719,-70.600424,13
10AVTA,41.468521,-70.599842,14
10AVTA,41.468792,-70.599685,15
10AVTA,41.471059,-70.598258,16
10AVTA,41.471285,-70.598154,17
10AVTA,41.47498,-70.598004,18
10AVTA,41.476594,-70.597955,19
10AVTA,41.476947,-70.598061,20
10AVTA,41.480247,-70.599629,21
10AVTA,41.481884,-70.601649,22
10AVTA,41.481816,-70.601792,23
10AVTA,41.481778,-70.602044,24
10AVTA,41.481698,-70.602383,25
10AVTA,41.481462,-70.602708,26
10AVTA,41.481339,-70.603067,27
10AVTA,41.481194,-70.603447,28
10AVTA,41.481086,-70.603575,29
10AVTA,41.480775,-70.603739,30
10AVTA,41.480621,-70.603781,31
10AVTA,41.480497,-70.603732,32
10AVTA,41.480518,-70.604543,33
10AVTA,41.480435,-70.603711,34
10AVTA,41.479737,-70.603477,35
10AVTA,41.478888,-70.60324,36
10AVTA,41.478312,-70.603222,37
10AVTA,41.477847,-70.603607,38
10AVTA,41.476237,-70.605258,39
10AVTA,41.475906,-70.605482,40
10AVTA,41.47563,-70.605667,41
10AVTA,41.475016,-70.605736,42
10AVTA,41.469076,-70.605794,43
10AVTA,41.45945,-70.605821,44
10AVTA,41.455778,-70.605796,45
10AVTA,41.454193,-70.605781,46
10AVTA,41.454017,-70.605782,47
10AVTA,41.454073,-70.605013,48
10AVTA,41.454276,-70.603024,49
10AVTA,41.453504,-70.603259,50
10AVTA,41.453763,-70.601929,51
10AVTA,41.453889,-70.601226,52
10AVTA,41.455115,-70.601284,53
13INVTA,41.390994,-70.514637,1
13INVTA,41.390356,-70.515183,2
13INVTA,41.39088,-70.516569,3
13INVTA,41.390881,-70.517534,4
13INVTA,41.391259,-70.518769,5
13INVTA,41.391988,-70.522859,6
13INVTA,41.392278,-70.523708,7
13INVTA,41.394193,-70.526676,8
13INVTA,41.39457,-70.527332,9
13INVTA,41.394716,-70.528026,10
13INVTA,41.399442,-70.533808,11
13INVTA,41.399964,-70.534309,12
13INVTA,41.40147,-70.534654,13
13INVTA,41.406391,-70.535943,14
13INVTA,41.407144,-70.536096,15
13INVTA,41.407898,-70.53679,16
13INVTA,41.409174,-70.539104,17
13INVTA,41.411785,-70.54412,18
13INVTA,41.413083,-70.545565,19
13INVTA,41.416213,-70.548997,20
13INVTA,41.41688,-70.549768,21
13INVTA,41.416967,-70.549652,22
13INVTA,41.420328,-70.551539,23
13INVTA,41.4243,-70.553936,24
13INVTA,41.426762,-70.555091,25
13INVTA,41.427313,-70.555438,26
13INVTA,41.433048,-70.556626,27
13INVTA,41.435666,-70.557079,28
13INVTA,41.436824,-70.557155,29
13INVTA,41.437722,-70.556999,30
13INVTA,41.438475,-70.556689,31
13INVTA,41.439401,-70.555992,32
13INVTA,41.440298,-70.555334,33
13INVTA,41.441137,-70.55483,34
13INVTA,41.443309,-70.554634,35
13INVTA,41.444091,-70.554826,36
13INVTA,41.445829,-70.555055,37
13INVTA,41.446698,-70.554552,38
13INVTA,41.448889,-70.552886,39
13INVTA,41.44999,-70.553078,40
13INVTA,41.452336,-70.553692,41
13INVTA,41.454109,-70.554464,42
13INVTA,41.455791,-70.555168,43
13INVTA,41.457051,-70.55583,44
13INVTA,41.457885,-70.556252,45
13INVTA,41.457563,-70.557584,46
13INVTA,41.457374,-70.558838,47
13INVTA,41.45714,-70.559954,48
13INVTA,41.457141,-70.560972,49
13INVTA,41.4572,-70.561344,50
13INVTA,41.457923,-70.562419,51
13INVTA,41.458187,-70.562849,52
13INVTA,41.458982,-70.56647,53
13INVTA,41.459218,-70.566979,54
13INVTA,41.460452,-70.569053,55
13INVTA,41.462163,-70.571125,56
13INVTA,41.463353,-70.572534,57
13INVTA,41.465215,-70.574803,58
13INVTA,41.465483,-70.57519,59
13INVTA,41.465467,-70.575602,60
13INVTA,41.463958,-70.577077,61
13INVTA,41.46201,-70.578835,62
13INVTA,41.461795,-70.579053,63
13INVTA,41.461803,-70.579313,64
13INVTA,41.462193,-70.580411,65
13INVTA,41.462223,-70.580621,66
13INVTA,41.462223,-70.580801,67
13INVTA,41.462178,-70.580931,68
13INVTA,41.461393,-70.58198,69
13INVTA,41.460098,-70.583654,70
13INVTA,41.459956,-70.58391,71
13INVTA,41.459299,-70.58516,72
13INVTA,41.458809,-70.586213,73
13INVTA,41.458138,-70.587277,74
13INVTA,41.457641,-70.588126,75
13INVTA,41.456268,-70.591094,76
13INVTA,41.455433,-70.592907,77
13INVTA,41.455016,-70.594005,78
13INVTA,41.454637,-70.594633,79
13INVTA,41.453822,-70.595645,80
13INVTA,41.453392,-70.596378,81
13INVTA,41.452739,-70.597685,82
13INVTA,41.452622,-70.598034,83
13INVTA,41.452648,-70.598347,84
13INVTA,41.453106,-70.599113,85
13INVTA,41.453943,-70.601239,86
13INVTA,41.455254,-70.601327,87
13OUTVTA,41.455254,-70.601327,1
13OUTVTA,41.453943,-70.601239,2
13OUTVTA,41.453106,-70.599113,3
13OUTVTA,41.452648,-70.598347,4
13OUTVTA,41.452622,-70.598034,5
13OUTVTA,41.452739,-70.597685,6
13OUTVTA,41.453392,-70.596378,7
13OUTVTA,41.453822,-70.595645,8
13OUTVTA,41.454637,-70.594633,9
13OUTVTA,41.455016,-70.594005,10
13OUTVTA,41.455433,-70.592907,11
13OUTVTA,41.456268,-70.591094,12
13OUTVTA,41.457641,-70.588126,13
13OUTVTA,41.458138,-70.587277,14
13OUTVTA,41.458809,-70.586213,15
13OUTVTA,41.459299,-70.58516,16
13OUTVTA,41.459956,-70.58391,17
13OUTVTA,41.460098,-70.583654,18
13OUTVTA,41.461393,-70.58198,19
13OUTVTA,41.462178,-70.580931,20
13OUTVTA,41.462223,-70.580801,21
13OUTVTA,41.462223,-70.580621,22
13OUTVTA,41.462193,-70.580411,23
13OUTVTA,41.461803,-70.579313,24
13OUTVTA,41.461795,-70.579053,25
13OUTVTA,41.46201,-70.578835,26
13OUTVTA,41.463958,-70.577077,27
13OUTVTA,41.465467,-70.575602,28
13OUTVTA,41.465483,-70.57519,29
13OUTVTA,41.465215,-70.574803,30
13OUTVTA,41.463353,-70.572534,31
13OUTVTA,41.462163,-70.571125,32
13OUTVTA,41.460452,-70.569053,33
13OUTVTA,41.459218,-70.566979,34
13OUTVTA,41.458982,-70.56647,35
13OUTVTA,41.458187,-70.562849,36
13OUTVTA,41.457923,-70.562419,37
13OUTVTA,41.4572,-70.561344,38
13OUTVTA,41.457141,-70.560972,39
13OUTVTA,41.45714,-70.559954,40
13OUTVTA,41.457374,-70.558838,41
13OUTVTA,41.457448,-70.558217,42
13OUTVTA,41.457056,-70.556497,43
13OUTVTA,41.456803,-70.555744,44
13OUTVTA,41.455791,-70.555168,45
13OUTVTA,41.454109,-70.554464,46
13OUTVTA,41.452336,-70.553692,47
13OUTVTA,41.44999,-70.553078,48
13OUTVTA,41.448889,-70.552886,49
13OUTVTA,41.446698,-70.554552,50
13OUTVTA,41.445829,-70.555055,51
13OUTVTA,41.444091,-70.554826,52
13OUTVTA,41.443309,-70.554634,53
13OUTVTA,41.441137,-70.55483,54
13OUTVTA,41.440298,-70.555334,55
13OUTVTA,41.439401,-70.555992,56
13OUTVTA,41.438475,-70.556689,57
13OUTVTA,41.437722,-70.556999,58
13OUTVTA,41.436824,-70.557155,59
13OUTVTA,41.435666,-70.557079,60
13OUTVTA,41.433048,-70.556626,61
13OUTVTA,41.427313,-70.555438,62
13OUTVTA,41.426762,-70.555091,63
13OUTVTA,41.4243,-70.553936,64
13OUTVTA,41.420328,-70.551539,65
13OUTVTA,41.416967,-70.549652,66
13OUTVTA,41.41688,-70.549768,67
13OUTVTA,41.416213,-70.548997,68
13OUTVTA,41.413083,-70.545565,69
13OUTVTA,41.411785,-70.54412,70
13OUTVTA,41.409174,-70.539104,71
13OUTVTA,41.407898,-70.53679,72
13OUTVTA,41.407144,-70.536096,73
13OUTVTA,41.406391,-70.535943,74
13OUTVTA,41.40147,-70.534654,75
13OUTVTA,41.399964,-70.534309,76
13OUTVTA,41.399442,-70.533808,77
13OUTVTA,41.394716,-70.528026,78
13OUTVTA,41.39457,-70.527332,79
13OUTVTA,41.394193,-70.526676,80
13OUTVTA,41.392278,-70.523708,81
13OUTVTA,41.391988,-70.522859,82
13OUTVTA,41.391259,-70.518769,83
13OUTVTA,41.390881,-70.517534,84
13OUTVTA,41.39088,-70.516569,85
13OUTVTA,41.391002,-70.514634,86
13OUTVTA,41.390351,-70.515173,87
1INVTA,41.391,-70.514621,1
1INVTA,41.39032,-70.515165,2
1INVTA,41.390866,-70.516548,3
1INVTA,41.390854,-70.51742,4
1INVTA,41.391216,-70.518609,5
1INVTA,41.392026,-70.522843,6
1INVTA,41.393281,-70.525425,7
1INVTA,41.394344,-70.527025,8
1INVTA,41.394821,-70.528605,9
1INVTA,41.394821,-70.528627,10
1INVTA,41.396764,-70.536172,11
1INVTA,41.398752,-70.544259,12
1INVTA,41.399292,-70.546241,13
1INVTA,41.400532,-70.549613,14
1INVTA,41.401157,-70.551266,15
1INVTA,41.40357,-70.556787,16
1INVTA,41.408323,-70.56761,17
1INVTA,41.408339,-70.567673,18
1INVTA,41.409924,-70.571376,19
1INVTA,41.411193,-70.573736,20
1INVTA,41.41381,-70.578161,21
1INVTA,41.414955,-70.5803,22
1INVTA,41.41586,-70.583105,23
1INVTA,41.416885,-70.586659,24
1INVTA,41.418861,-70.594334,25
1INVTA,41.420889,-70.601839,26
1INVTA,41.421718,-70.60397,27
1INVTA,41.423983,-70.606561,28
1INVTA,41.424822,-70.607277,29
1INVTA,41.426737,-70.607844,30
1INVTA,41.432097,-70.608362,31
1INVTA,41.435166,-70.607913,32
1INVTA,41.437223,-70.6081,33
1INVTA,41.438572,-70.608192,34
1INVTA,41.438724,-70.608207,35
1INVTA,41.439527,-70.608372,36
1INVTA,41.439999,-70.608616,37
1INVTA,41.440964,-70.609226,38
1INVTA,41.441488,-70.60939,39
1INVTA,41.442249,-70.609406,40
1INVTA,41.443274,-70.60922,41
1INVTA,41.443346,-70.60922,42
1INVTA,41.444757,-70.608936,43
1INVTA,41.445244,-70.608771,44
1INVTA,41.448099,-70.607195,45
1INVTA,41.448578,-70.606991,46
1INVTA,41.450733,-70.606344,47
1INVTA,41.450957,-70.606289,48
1INVTA,41.451545,-70.606473,49
1INVTA,41.45197,-70.60579,50
1INVTA,41.452329,-70.605245,51
1INVTA,41.452516,-70.604678,52
1INVTA,41.452801,-70.604177,53
1INVTA,41.453111,-70.603861,54
1INVTA,41.45351,-70.603338,55
1INVTA,41.453932,-70.601192,56
1INVTA,41.455269,-70.601326,57
1OUTVTA,41.455216,-70.601361,1
1OUTVTA,41.453932,-70.601192,2
1OUTVTA,41.45351,-70.603338,3
1OUTVTA,41.453111,-70.603861,4
1OUTVTA,41.452801,-70.604177,5
1OUTVTA,41.452516,-70.604678,6
1OUTVTA,41.452329,-70.605245,7
1OUTVTA,41.45197,-70.60579,8
1OUTVTA,41.451545,-70.606473,9
1OUTVTA,41.450957,-70.606289,10
1OUTVTA,41.450733,-70.606344,11
1OUTVTA,41.448578,-70.606991,12
1OUTVTA,41.448099,-70.607195,13
1OUTVTA,41.445244,-70.608771,14
1OUTVTA,41.444757,-70.608936,15
1OUTVTA,41.443346,-70.60922,16
1OUTVTA,41.443274,-70.60922,17
1OUTVTA,41.442249,-70.609406,18
1OUTVTA,41.441488,-70.60939,19
1OUTVTA,41.440964,-70.609226,20
1OUTVTA,41.439999,-70.608616,21
1OUTVTA,41.439527,-70.608372,22
1OUTVTA,41.438823,-70.60823,23
1OUTVTA,41.437223,-70.6081,24
1OUTVTA,41.435166,-70.607913,25
1OUTVTA,41.432097,-70.608362,26
1OUTVTA,41.426737,-70.607844,27
1OUTVTA,41.424822,-70.607277,28
1OUTVTA,41.423983,-70.606561,29
1OUTVTA,41.421718,-70.60397,30
1OUTVTA,41.420889,-70.601839,31
1OUTVTA,41.418952,-70.594587,32
1OUTVTA,41.418895,-70.594469,33
1OUTVTA,41.416822,-70.586696,34
1OUTVTA,41.41586,-70.583105,35
1OUTVTA,41.414955,-70.5803,36
1OUTVTA,41.41381,-70.578161,37
1OUTVTA,41.411193,-70.573736,38
1OUTVTA,41.409924,-70.571376,39
1OUTVTA,41.408339,-70.567673,40
1OUTVTA,41.408323,-70.56761,41
1OUTVTA,41.40357,-70.556787,42
1OUTVTA,41.401157,-70.551266,43
1OUTVTA,41.400532,-70.549613,44
1OUTVTA,41.399292,-70.546241,45
1OUTVTA,41.398752,-70.544259,46
1OUTVTA,41.396764,-70.536172,47
1OUTVTA,41.394821,-70.528627,48
1OUTVTA,41.394821,-70.528605,49
1OUTVTA,41.394344,-70.527025,50
1OUTVTA,41.393281,-70.525425,51
1OUTVTA,41.392026,-70.522843,52
1OUTVTA,41.391216,-70.518609,53
1OUTVTA,41.390854,-70.51742,54
1OUTVTA,41.390866,-70.516548,55
1OUTVTA,41.39032,-70.515165,56
1OUTVTA,41.391004,-70.514584,57
2INVTA,41.382015,-70.674491,1
2INVTA,41.382695,-70.674184,2
2INVTA,41.383064,-70.67374,3
2INVTA,41.382674,-70.672296,4
2INVTA,41.382759,-70.671425,5
2INVTA,41.382802,-70.670014,6
2INVTA,41.385241,-70.669977,7
2INVTA,41.385781,-70.670027,8
2INVTA,41.386494,-70.670066,9
2INVTA,41.387653,-70.67012,10
2INVTA,41.388567,-70.670074,11
2INVTA,41.389218,-70.669927,12
2INVTA,41.390166,-70.669836,13
2INVTA,41.390704,-70.669602,14
2INVTA,41.392319,-70.668372,15
2INVTA,41.393199,-70.667717,16
2INVTA,41.395702,-70.666215,17
2INVTA,41.397858,-70.664862,18
2INVTA,41.400142,-70.663213,19
2INVTA,41.403111,-70.66094,20
2INVTA,41.407898,-70.657382,21
2INVTA,41.412289,-70.654055,22
2INVTA,41.416594,-70.650737,23
2INVTA,41.421345,-70.646778,24
2INVTA,41.424792,-70.644063,25
2INVTA,41.427129,-70.642192,26
2INVTA,41.427282,-70.642345,27
2INVTA,41.426442,-70.645103,28
2INVTA,41.424493,-70.651693,29
2INVTA,41.424187,-70.653583,30
2INVTA,41.424154,-70.654726,31
2INVTA,41.424069,-70.655363,32
2INVTA,41.42378,-70.6565,33
2INVTA,41.421736,-70.662416,34
2INVTA,41.420833,-70.664395,35
2INVTA,41.420463,-70.665074,36
2INVTA,41.420029,-70.66541,37
2INVTA,41.420009,-70.665518,38
2INVTA,41.419373,-70.666312,39
2INVTA,41.418898,-70.666719,40
2INVTA,41.418355,-70.66716,41
2INVTA,41.418149,-70.667288,42
2INVTA,41.418103,-70.667282,43
2INVTA,41.418057,-70.667189,44
2INVTA,41.418054,-70.667183,45
2INVTA,41.418044,-70.667158,46
2INVTA,41.417843,-70.667249,47
2INVTA,41.417839,-70.66725,48
2INVTA,41.417804,-70.667255,49
2INVTA,41.417784,-70.667186,50
2INVTA,41.417382,-70.667423,51
2INVTA,41.417379,-70.667279,52
2INVTA,41.417457,-70.667185,53
2INVTA,41.417425,-70.666917,54
2INVTA,41.417391,-70.666774,55
2INVTA,41.420049,-70.665386,56
2INVTA,41.420289,-70.665176,57
2INVTA,41.420479,-70.664986,58
2INVTA,41.420791,-70.664814,59
2INVTA,41.420927,-70.664813,60
2INVTA,41.423832,-70.665018,61
2INVTA,41.424753,-70.665225,62
2INVTA,41.425558,-70.665373,63
2INVTA,41.42632,-70.665327,64
2INVTA,41.427057,-70.665212,65
2INVTA,41.427819,-70.665303,66
2INVTA,41.428024,-70.665279,67
2INVTA,41.428435,-70.665119,68
2INVTA,41.429292,-70.665289,69
2INVTA,41.432179,-70.665949,70
2INVTA,41.432889,-70.666322,71
2INVTA,41.433086,-70.666391,72
2INVTA,41.434002,-70.666424,73
2INVTA,41.434679,-70.666686,74
2INVTA,41.435039,-70.666812,75
2INVTA,41.435355,-70.666857,76
2INVTA,41.435818,-70.666845,77
2INVTA,41.436195,-70.666696,78
2INVTA,41.437243,-70.666996,79
2INVTA,41.437559,-70.667029,80
2INVTA,41.437927,-70.666843,81
2INVTA,41.438192,-70.666742,82
2INVTA,41.438458,-70.666826,83
2INVTA,41.439548,-70.667399,84
2INVTA,41.440067,-70.667754,85
2INVTA,41.440486,-70.668075,86
2INVTA,41.440866,-70.668193,87
2INVTA,41.44117,-70.668142,88
2INVTA,41.441278,-70.667988,89
2INVTA,41.441342,-70.667892,90
2INVTA,41.44193,-70.667185,91
2INVTA,41.442665,-70.666096,92
2INVTA,41.444487,-70.662996,93
2INVTA,41.447361,-70.659622,94
2INVTA,41.447643,-70.659205,95
2INVTA,41.44858,-70.657397,96
2INVTA,41.448961,-70.656542,97
2INVTA,41.448968,-70.656234,98
2INVTA,41.448804,-70.655479,99
2INVTA,41.44879,-70.655319,100
2INVTA,41.448902,-70.655023,101
2INVTA,41.44904,-70.654716,102
2INVTA,41.449377,-70.654214,103
2INVTA,41.449556,-70.654058,104
2INVTA,41.451698,-70.652829,105
2INVTA,41.452823,-70.652128,106
2INVTA,41.452964,-70.651993,107
2INVTA,41.453523,-70.649955,108
2INVTA,41.453531,-70.649632,109
2INVTA,41.453351,-70.648551,110
2INVTA,41.453131,-70.646668,111
2INVTA,41.452905,-70.646201,112
2INVTA,41.452546,-70.645712,113
2INVTA,41.45233,-70.645455,114
2INVTA,41.452242,-70.64522,115
2INVTA,41.452218,-70.64505,116
2INVTA,41.452174,-70.644875,117
2INVTA,41.452249,-70.644195,118
2INVTA,41.452244,-70.643718,119
2INVTA,41.452132,-70.643145,120
2INVTA,41.451567,-70.641298,121
2INVTA,41.450888,-70.640453,122
2INVTA,41.449754,-70.637374,123
2INVTA,41.449481,-70.636046,124
2INVTA,41.449073,-70.635201,125
2INVTA,41.448031,-70.63339,126
2INVTA,41.44744,-70.630673,127
2INVTA,41.447171,-70.629859,128
2INVTA,41.446623,-70.629079,129
2INVTA,41.446177,-70.628689,130
2INVTA,41.445756,-70.628383,131
2INVTA,41.445361,-70.62779,132
2INVTA,41.443871,-70.626925,133
2INVTA,41.443692,-70.626688,134
2INVTA,41.443692,-70.626467,135
2INVTA,41.444874,-70.624189,136
2INVTA,41.445141,-70.623441,137
2INVTA,41.445395,-70.622473,138
2INVTA,41.445348,-70.621945,139
2INVTA,41.445207,-70.621435,140
2INVTA,41.444939,-70.620365,141
2INVTA,41.444785,-70.619109,142
2INVTA,41.445014,-70.618361,143
2INVTA,41.445369,-70.617613,144
2INVTA,41.445535,-70.617239,145
2INVTA,41.44831,-70.614113,146
2INVTA,41.44858,-70.613466,147
2INVTA,41.449079,-70.61234,148
2INVTA,41.450435,-70.609954,149
2INVTA,41.451419,-70.60669,150
2INVTA,41.452161,-70.605468,151
2INVTA,41.452505,-70.604702,152
2INVTA,41.45273,-70.604269,153
2INVTA,41.453342,-70.603559,154
2INVTA,41.453441,-70.603414,155
2INVTA,41.453576,-70.603077,156
2INVTA,41.453934,-70.601202,157
2INVTA,41.455249,-70.601296,158
2OUTVTA,41.455249,-70.601296,1
2OUTVTA,41.453934,-70.601202,2
2OUTVTA,41.453576,-70.603077,3
2OUTVTA,41.453441,-70.603414,4
2OUTVTA,41.453342,-70.603559,5
2OUTVTA,41.45273,-70.604269,6
2OUTVTA,41.452505,-70.604702,7
2OUTVTA,41.452161,-70.605468,8
2OUTVTA,41.451419,-70.60669,9
2OUTVTA,41.450435,-70.609954,10
2OUTVTA,41.449079,-70.61234,11
2OUTVTA,41.44858,-70.613466,12
2OUTVTA,41.448305,-70.614105,13
2OUTVTA,41.446713,-70.616011,14
2OUTVTA,41.445685,-70.617109,15
2OUTVTA,41.445369,-70.617613,16
2OUTVTA,41.445014,-70.618361,17
2OUTVTA,41.444785,-70.619109,18
2OUTVTA,41.444939,-70.620365,19
2OUTVTA,41.445207,-70.621435,20
2OUTVTA,41.445348,-70.621945,21
2OUTVTA,41.445395,-70.622473,22
2OUTVTA,41.445141,-70.623441,23
2OUTVTA,41.444874,-70.624189,24
2OUTVTA,41.443692,-70.626467,25
2OUTVTA,41.443692,-70.626688,26
2OUTVTA,41.443871,-70.626925,27
2OUTVTA,41.445361,-70.62779,28
2OUTVTA,41.445756,-70.628383,29
2OUTVTA,41.446177,-70.628689,30
2OUTVTA,41.446623,-70.629079,31
2OUTVTA,41.447171,-70.629859,32
2OUTVTA,41.44744,-70.630673,33
2OUTVTA,41.448031,-70.63339,34
2OUTVTA,41.449073,-70.635201,35
2OUTVTA,41.449481,-70.636046,36
2OUTVTA,41.449754,-70.637374,37
2OUTVTA,41.450888,-70.640453,38
2OUTVTA,41.451567,-70.641298,39
2OUTVTA,41.452132,-70.643145,40
2OUTVTA,41.452244,-70.643718,41
2OUTVTA,41.452249,-70.644195,42
2OUTVTA,41.452174,-70.644875,43
2OUTVTA,41.452218,-70.64505,44
2OUTVTA,41.452242,-70.64522,45
2OUTVTA,41.45233,-70.645455,46
2OUTVTA,41.452546,-70.645712,47
2OUTVTA,41.452905,-70.646201,48
2OUTVTA,41.453131,-70.646668,49
2OUTVTA,41.453351,-70.648551,50
2OUTVTA,41.453531,-70.649632,51
2OUTVTA,41.453523,-70.649955,52
2OUTVTA,41.452964,-70.651993,53
2OUTVTA,41.452823,-70.652128,54
2OUTVTA,41.451698,-70.652829,55
2OUTVTA,41.449556,-70.654058,56
2OUTVTA,41.449377,-70.654214,57
2OUTVTA,41.44904,-70.654716,58
2OUTVTA,41.448902,-70.655023,59
2OUTVTA,41.44879,-70.655319,60
2OUTVTA,41.448804,-70.655479,61
2OUTVTA,41.448968,-70.656234,62
2OUTVTA,41.448961,-70.656542,63
2OUTVTA,41.44858,-70.657397,64
2OUTVTA,41.447643,-70.659205,65
2OUTVTA,41.447361,-70.659622,66
2OUTVTA,41.444487,-70.662996,67
2OUTVTA,41.442665,-70.666096,68
2OUTVTA,41.441947,-70.667188,69
2OUTVTA,41.441368,-70.668015,70
2OUTVTA,41.441171,-70.668181,71
2OUTVTA,41.44087,-70.668212,72
2OUTVTA,41.440488,-70.668096,73
2OUTVTA,41.440067,-70.667754,74
2OUTVTA,41.439548,-70.667399,75
2OUTVTA,41.438458,-70.666826,76
2OUTVTA,41.438192,-70.666742,77
2OUTVTA,41.437927,-70.666843,78
2OUTVTA,41.437559,-70.667029,79
2OUTVTA,41.437243,-70.666996,80
2OUTVTA,41.436195,-70.666696,81
2OUTVTA,41.435818,-70.666845,82
2OUTVTA,41.435355,-70.666857,83
2OUTVTA,41.435039,-70.666812,84
2OUTVTA,41.434679,-70.666686,85
2OUTVTA,41.434002,-70.666424,86
2OUTVTA,41.433086,-70.666391,87
2OUTVTA,41.432889,-70.666322,88
2OUTVTA,41.432179,-70.665949,89
2OUTVTA,41.429292,-70.665289,90
2OUTVTA,41.428435,-70.665119,91
2OUTVTA,41.428024,-70.665279,92
2OUTVTA,41.427819,-70.665303,93
2OUTVTA,41.427057,-70.665212,94
2OUTVTA,41.42632,-70.665327,95
2OUTVTA,41.425558,-70.665373,96
2OUTVTA,41.424753,-70.665225,97
2OUTVTA,41.423832,-70.665018,98
2OUTVTA,41.420927,-70.664813,99
2OUTVTA,41.420791,-70.664814,100
2OUTVTA,41.420479,-70.664986,101
2OUTVTA,41.420289,-70.665176,102
2OUTVTA,41.420072,-70.665379,103
2OUTVTA,41.41985,-70.665714,104
2OUTVTA,41.419377,-70.666313,105
2OUTVTA,41.419189,-70.666479,106
2OUTVTA,41.418369,-70.667155,107
2OUTVTA,41.418183,-70.667263,108
2OUTVTA,41.418142,-70.667287,109
2OUTVTA,41.418092,-70.667287,110
2OUTVTA,41.418047,-70.667166,111
2OUTVTA,41.417811,-70.667257,112
2OUTVTA,41.417775,-70.66719,113
2OUTVTA,41.417395,-70.66742,114
2OUTVTA,41.417372,-70.667281,115
2OUTVTA,41.417458,-70.667178,116
2OUTVTA,41.417399,-70.66681,117
2OUTVTA,41.416559,-70.667235,118
2OUTVTA,41.414946,-70.668458,119
2OUTVTA,41.410739,-70.671088,120
2OUTVTA,41.408443,-70.672621,121
2OUTVTA,41.407678,-70.673424,122
2OUTVTA,41.407036,-70.674008,123
2OUTVTA,41.406475,-70.674172,124
2OUTVTA,41.405792,-70.674245,125
2OUTVTA,41.40545,-70.674337,126
2OUTVTA,41.403445,-70.676529,127
2OUTVTA,41.403116,-70.67707,128
2OUTVTA,41.402865,-70.677328,129
2OUTVTA,41.402227,-70.677638,130
2OUTVTA,41.401531,-70.677638,131
2OUTVTA,41.400913,-70.677355,132
2OUTVTA,41.399927,-70.676995,133
2OUTVTA,41.39954,-70.676686,134
2OUTVTA,41.399192,-70.676557,135
2OUTVTA,41.398902,-70.67648,136
2OUTVTA,41.396323,-70.677242,137
2OUTVTA,41.395454,-70.6775,138
2OUTVTA,41.394371,-70.677655,139
2OUTVTA,41.388437,-70.677118,140
2OUTVTA,41.387895,-70.676706,141
2OUTVTA,41.387451,-70.676114,142
2OUTVTA,41.387214,-70.675357,143
2OUTVTA,41.387175,-70.674507,144
2OUTVTA,41.386982,-70.674121,145
2OUTVTA,41.386571,-70.673848,146
2OUTVTA,41.383239,-70.673692,147
2OUTVTA,41.382315,-70.674497,148
2OUTVTA,41.380869,-70.674545,149
2OUTVTA,41.380856,-70.674851,150
3INVTA,41.381029,-70.674581,1
3INVTA,41.381851,-70.674469,2
3INVTA,41.382488,-70.674358,3
3INVTA,41.382752,-70.674118,4
3INVTA,41.382976,-70.673896,5
3INVTA,41.383128,-70.673752,6
3INVTA,41.383394,-70.673715,7
3INVTA,41.386005,-70.673793,8
3INVTA,41.386784,-70.673942,9
3INVTA,41.387162,-70.674239,10
3INVTA,41.387184,-70.675365,11
3INVTA,41.387473,-70.676285,12
3INVTA,41.388007,-70.676908,13
3INVTA,41.388852,-70.677175,14
3INVTA,41.392567,-70.677622,15
3INVTA,41.394524,-70.677712,16
3INVTA,41.395463,-70.677513,17
3INVTA,41.398177,-70.676714,18
3INVTA,41.399023,-70.676507,19
3INVTA,41.399579,-70.676834,20
3INVTA,41.400068,-70.677131,21
3INVTA,41.400691,-70.677398,22
3INVTA,41.401959,-70.677784,23
3INVTA,41.402715,-70.677488,24
3INVTA,41.403049,-70.677192,25
3INVTA,41.403316,-70.676658,26
3INVTA,41.405118,-70.674583,27
3INVTA,41.405563,-70.674316,28
3INVTA,41.406981,-70.674049,29
3INVTA,41.408299,-70.67278,30
3INVTA,41.409314,-70.671988,31
3INVTA,41.411206,-70.670733,32
3INVTA,41.412787,-70.669807,33
3INVTA,41.413637,-70.669344,34
3INVTA,41.415292,-70.668161,35
3INVTA,41.416654,-70.667186,36
3INVTA,41.416965,-70.66704,37
3INVTA,41.417331,-70.66682,38
3INVTA,41.417394,-70.666773,39
3INVTA,41.417457,-70.667186,40
3INVTA,41.417383,-70.667276,41
3INVTA,41.417386,-70.667418,42
3INVTA,41.417775,-70.667194,43
3INVTA,41.417804,-70.667237,44
3INVTA,41.417864,-70.667246,45
3INVTA,41.41805,-70.667163,46
3INVTA,41.418101,-70.667262,47
3INVTA,41.418157,-70.667273,48
3INVTA,41.418418,-70.667113,49
3INVTA,41.418837,-70.666795,50
3INVTA,41.419362,-70.666326,51
3INVTA,41.420004,-70.665536,52
3INVTA,41.420026,-70.665407,53
3INVTA,41.42048,-70.665045,54
3INVTA,41.42078,-70.664501,55
3INVTA,41.421662,-70.662522,56
3INVTA,41.422113,-70.661319,57
3INVTA,41.423772,-70.656435,58
3INVTA,41.424049,-70.654315,59
3INVTA,41.424326,-70.651826,60
3INVTA,41.425294,-70.648785,61
3INVTA,41.426953,-70.642793,62
3INVTA,41.427809,-70.641448,63
3INVTA,41.42905,-70.640536,64
3INVTA,41.435763,-70.634585,65
3INVTA,41.438785,-70.632595,66
3INVTA,41.439845,-70.631129,67
3INVTA,41.442868,-70.627882,68
3INVTA,41.44381,-70.626101,69
3INVTA,41.44545,-70.622423,70
3INVTA,41.44478,-70.618977,71
3INVTA,41.445928,-70.616636,72
3INVTA,41.44816,-70.614338,73
3INVTA,41.450455,-70.609827,74
3INVTA,41.451451,-70.60663,75
3INVTA,41.452064,-70.605594,76
3INVTA,41.452394,-70.604984,77
3INVTA,41.452384,-70.604984,78
3INVTA,41.452673,-70.604368,79
3INVTA,41.453509,-70.603271,80
3INVTA,41.45393,-70.601198,81
3INVTA,41.455203,-70.60132,82
3INVTA,41.45527,-70.601312,83
3OUTVTA,41.45527,-70.601312,1
3OUTVTA,41.455203,-70.60132,2
3OUTVTA,41.45393,-70.601198,3
3OUTVTA,41.453509,-70.603271,4
3OUTVTA,41.452673,-70.604368,5
3OUTVTA,41.452384,-70.604984,6
3OUTVTA,41.452394,-70.604984,7
3OUTVTA,41.452064,-70.605594,8
3OUTVTA,41.451451,-70.60663,9
3OUTVTA,41.450455,-70.609827,10
3OUTVTA,41.44816,-70.614338,11
3OUTVTA,41.446715,-70.616037,12
3OUTVTA,41.44596,-70.61681,13
3OUTVTA,41.445797,-70.617008,14
3OUTVTA,41.44478,-70.618977,15
3OUTVTA,41.44545,-70.622423,16
3OUTVTA,41.44381,-70.626101,17
3OUTVTA,41.442868,-70.627882,18
3OUTVTA,41.439845,-70.631129,19
3OUTVTA,41.438785,-70.632595,20
3OUTVTA,41.435763,-70.634585,21
3OUTVTA,41.42905,-70.640536,22
3OUTVTA,41.427242,-70.642259,23
3OUTVTA,41.424203,-70.652388,24
3OUTVTA,41.423921,-70.656439,25
3OUTVTA,41.421276,-70.663641,26
3OUTVTA,41.420432,-70.665141,27
3OUTVTA,41.420046,-70.665358,28
3OUTVTA,41.420012,-70.665516,29
3OUTVTA,41.419343,-70.666341,30
3OUTVTA,41.418366,-70.667173,31
3OUTVTA,41.418175,-70.667271,32
3OUTVTA,41.418084,-70.66727,33
3OUTVTA,41.418031,-70.667131,34
3OUTVTA,41.417822,-70.667258,35
3OUTVTA,41.417777,-70.667189,36
3OUTVTA,41.417382,-70.667408,37
3OUTVTA,41.417367,-70.667282,38
3OUTVTA,41.417454,-70.667186,39
3OUTVTA,41.417411,-70.666798,40
3OUTVTA,41.419198,-70.665854,41
3OUTVTA,41.419853,-70.665522,42
3OUTVTA,41.420224,-70.665267,43
3OUTVTA,41.420482,-70.66499,44
3OUTVTA,41.421072,-70.66391,45
3OUTVTA,41.421637,-70.662651,46
3OUTVTA,41.423618,-70.656897,47
3OUTVTA,41.424024,-70.655074,48
3OUTVTA,41.424104,-70.652372,49
3OUTVTA,41.426019,-70.646581,50
3OUTVTA,41.427129,-70.64227,51
3OUTVTA,41.411041,-70.655084,52
3OUTVTA,41.401696,-70.6619,53
3OUTVTA,41.396489,-70.665769,54
3OUTVTA,41.394536,-70.666836,55
3OUTVTA,41.392934,-70.66797,56
3OUTVTA,41.391181,-70.669304,57
3OUTVTA,41.390078,-70.66989,58
3OUTVTA,41.387454,-70.670085,59
3OUTVTA,41.384856,-70.669949,60
3OUTVTA,41.382814,-70.670005,61
3OUTVTA,41.382716,-70.67215,62
3OUTVTA,41.382908,-70.67287,63
3OUTVTA,41.383028,-70.673382,64
3OUTVTA,41.38292,-70.673862,65
3OUTVTA,41.382752,-70.674118,66
3OUTVTA,41.382488,-70.674358,67
3OUTVTA,41.381851,-70.674469,68
3OUTVTA,41.381029,-70.674581,69
4INVTA,41.354335,-70.765906,1
4INVTA,41.353221,-70.765003,2
4INVTA,41.353173,-70.764523,3
4INVTA,41.353048,-70.764375,4
4INVTA,41.352045,-70.764138,5
4INVTA,41.351487,-70.763977,6
4INVTA,41.351398,-70.763853,7
4INVTA,41.351587,-70.763231,8
4INVTA,41.352055,-70.762601,9
4INVTA,41.352205,-70.762253,10
4INVTA,41.352205,-70.761863,11
4INVTA,41.352066,-70.761356,12
4INVTA,41.352489,-70.759409,13
4INVTA,41.354013,-70.756057,14
4INVTA,41.354202,-70.755024,15
4INVTA,41.353977,-70.754583,16
4INVTA,41.351962,-70.752648,17
4INVTA,41.351038,-70.751835,18
4INVTA,41.350083,-70.750591,19
4INVTA,41.347651,-70.747036,20
4INVTA,41.346396,-70.745497,21
4INVTA,41.344725,-70.744753,22
4INVTA,41.343457,-70.744094,23
4INVTA,41.343037,-70.744018,24
4INVTA,41.342558,-70.742479,25
4INVTA,41.343005,-70.743462,26
4INVTA,41.343244,-70.744157,27
4INVTA,41.344309,-70.744529,28
4INVTA,41.346248,-70.745354,29
4INVTA,41.35007,-70.750415,30
4INVTA,41.350756,-70.751574,31
4INVTA,41.353897,-70.754561,32
4INVTA,41.354526,-70.754661,33
4INVTA,41.35476,-70.754458,34
4INVTA,41.354984,-70.753959,35
4INVTA,41.356297,-70.751339,36
4INVTA,41.35787,-70.748283,37
4INVTA,41.359752,-70.745813,38
4INVTA,41.361121,-70.744642,39
4INVTA,41.363068,-70.742982,40
4INVTA,41.365077,-70.739664,41
4INVTA,41.370249,-70.734326,42
4INVTA,41.370746,-70.733546,43
4INVTA,41.371525,-70.732724,44
4INVTA,41.372622,-70.73198,45
4INVTA,41.373838,-70.731496,46
4INVTA,41.375548,-70.731652,47
4INVTA,41.3762,-70.73137,48
4INVTA,41.376717,-70.730886,49
4INVTA,41.378854,-70.728322,50
4INVTA,41.380055,-70.726665,51
4INVTA,41.38092,-70.725979,52
4INVTA,41.38133,-70.725757,53
4INVTA,41.382347,-70.725273,54
4INVTA,41.385453,-70.722678,55
4INVTA,41.386658,-70.720826,56
4INVTA,41.388269,-70.718724,57
4INVTA,41.389028,-70.718199,58
4INVTA,41.389393,-70.717835,59
4INVTA,41.392078,-70.713792,60
4INVTA,41.395002,-70.709163,61
4INVTA,41.396192,-70.708209,62
4INVTA,41.396963,-70.707435,63
4INVTA,41.397464,-70.706858,64
4INVTA,41.39773,-70.706539,65
4INVTA,41.400195,-70.70025,66
4INVTA,41.400249,-70.69971,67
4INVTA,41.400222,-70.699277,68
4INVTA,41.399656,-70.696735,69
4INVTA,41.399224,-70.694823,70
4INVTA,41.399183,-70.694265,71
4INVTA,41.399251,-70.693778,72
4INVTA,41.399441,-70.693382,73
4INVTA,41.399833,-70.692877,74
4INVTA,41.400293,-70.692445,75
4INVTA,41.400658,-70.691958,76
4INVTA,41.401223,-70.690977,77
4INVTA,41.403388,-70.685751,78
4INVTA,41.403618,-70.685102,79
4INVTA,41.404057,-70.680952,80
4INVTA,41.404108,-70.680305,81
4INVTA,41.404049,-70.679874,82
4INVTA,41.403267,-70.677742,83
4INVTA,41.403182,-70.67747,84
4INVTA,41.403096,-70.67726,85
4INVTA,41.403248,-70.67688,86
4INVTA,41.403759,-70.675898,87
4INVTA,41.405257,-70.674495,88
4INVTA,41.405571,-70.674388,89
4INVTA,41.406602,-70.67426,90
4INVTA,41.409556,-70.671828,91
4INVTA,41.412913,-70.669733,92
4INVTA,41.413738,-70.66929,93
4INVTA,41.41426,-70.6689,94
4INVTA,41.416516,-70.667321,95
4INVTA,41.417277,-70.666889,96
4INVTA,41.417402,-70.666804,97
4INVTA,41.417454,-70.667155,98
4INVTA,41.417373,-70.667278,99
4INVTA,41.417395,-70.667414,100
4INVTA,41.417787,-70.667194,101
4INVTA,41.41781,-70.667264,102
4INVTA,41.418028,-70.667152,103
4INVTA,41.418107,-70.667275,104
4INVTA,41.41821,-70.667248,105
4INVTA,41.418485,-70.667064,106
4INVTA,41.419186,-70.666493,107
4INVTA,41.419505,-70.666152,108
4INVTA,41.419953,-70.66558,109
4INVTA,41.420027,-70.66549,110
4INVTA,41.420027,-70.665403,111
4INVTA,41.41813,-70.666394,112
4INVTA,41.417477,-70.666737,113
4INVTA,41.416878,-70.66705,114
4INVTA,41.416454,-70.667323,115
4INVTA,41.415462,-70.668025,116
4INVTA,41.414779,-70.668498,117
4INVTA,41.41445,-70.668752,118
4INVTA,41.413932,-70.669113,119
4INVTA,41.413717,-70.669242,120
4INVTA,41.40999,-70.671519,121
4INVTA,41.406676,-70.673907,122
4INVTA,41.405191,-70.674314,123
4INVTA,41.403591,-70.675838,124
4INVTA,41.402791,-70.67726,125
4INVTA,41.402106,-70.677413,126
4INVTA,41.401572,-70.677514,127
4INVTA,41.400201,-70.677261,128
4INVTA,41.399515,-70.676753,129
4INVTA,41.398563,-70.6765,130
4INVTA,41.397496,-70.676856,131
4INVTA,41.394347,-70.677852,132
4INVTA,41.392289,-70.677446,133
4INVTA,41.389166,-70.677345,134
4INVTA,41.38768,-70.676736,135
4INVTA,41.387337,-70.675873,136
4INVTA,41.387184,-70.674401,137
4INVTA,41.386765,-70.673842,138
4INVTA,41.384746,-70.673792,139
4INVTA,41.383146,-70.673742,140
4INVTA,41.382522,-70.674268,141
4INVTA,41.382319,-70.674415,142
4INVTA,41.381363,-70.674501,143
4INVTA,41.380587,-70.674622,144
4INVTA,41.380606,-70.674719,145
4INVTA,41.380668,-70.674816,146
4INVTA,41.380758,-70.674836,147
4INVTA,41.380816,-70.674874,148
4OUTVTA,41.38081,-70.674871,1
4OUTVTA,41.380652,-70.674864,2
4OUTVTA,41.380546,-70.674705,3
4OUTVTA,41.38058,-70.674612,4
4OUTVTA,41.381357,-70.674508,5
4OUTVTA,41.381886,-70.674453,6
4OUTVTA,41.382314,-70.674378,7
4OUTVTA,41.383246,-70.673722,8
4OUTVTA,41.385991,-70.673788,9
4OUTVTA,41.386478,-70.673826,10
4OUTVTA,41.386798,-70.67393,11
4OUTVTA,41.387126,-70.6743,12
4OUTVTA,41.387201,-70.67551,13
4OUTVTA,41.387503,-70.67635,14
4OUTVTA,41.388033,-70.676888,15
4OUTVTA,41.388839,-70.677124,16
4OUTVTA,41.393907,-70.677732,17
4OUTVTA,41.39479,-70.677699,18
4OUTVTA,41.398127,-70.67668,19
4OUTVTA,41.398987,-70.676477,20
4OUTVTA,41.399827,-70.676961,21
4OUTVTA,41.401337,-70.677574,22
4OUTVTA,41.401891,-70.677676,23
4OUTVTA,41.402254,-70.677625,24
4OUTVTA,41.402942,-70.67732,25
4OUTVTA,41.403046,-70.677334,26
4OUTVTA,41.403182,-70.67747,27
4OUTVTA,41.403267,-70.677742,28
4OUTVTA,41.404049,-70.679874,29
4OUTVTA,41.404108,-70.680305,30
4OUTVTA,41.404057,-70.680952,31
4OUTVTA,41.403618,-70.685102,32
4OUTVTA,41.403388,-70.685751,33
4OUTVTA,41.401223,-70.690977,34
4OUTVTA,41.400658,-70.691958,35
4OUTVTA,41.400293,-70.692445,36
4OUTVTA,41.399833,-70.692877,37
4OUTVTA,41.399441,-70.693382,38
4OUTVTA,41.399251,-70.693778,39
4OUTVTA,41.399183,-70.694265,40
4OUTVTA,41.399224,-70.694823,41
4OUTVTA,41.399656,-70.696735,42
4OUTVTA,41.400222,-70.699277,43
4OUTVTA,41.400249,-70.69971,44
4OUTVTA,41.400195,-70.70025,45
4OUTVTA,41.39773,-70.706539,46
4OUTVTA,41.397464,-70.706858,47
4OUTVTA,41.396963,-70.707435,48
4OUTVTA,41.396192,-70.708209,49
4OUTVTA,41.395002,-70.709163,50
4OUTVTA,41.392078,-70.713792,51
4OUTVTA,41.389393,-70.717835,52
4OUTVTA,41.389028,-70.718199,53
4OUTVTA,41.388269,-70.718724,54
4OUTVTA,41.386658,-70.720826,55
4OUTVTA,41.385453,-70.722678,56
4OUTVTA,41.382347,-70.725273,57
4OUTVTA,41.38133,-70.725757,58
4OUTVTA,41.38092,-70.725979,59
4OUTVTA,41.380055,-70.726665,60
4OUTVTA,41.378854,-70.728322,61
4OUTVTA,41.376717,-70.730886,62
4OUTVTA,41.3762,-70.73137,63
4OUTVTA,41.375548,-70.731652,64
4OUTVTA,41.373838,-70.731496,65
4OUTVTA,41.372622,-70.73198,66
4OUTVTA,41.370554,-70.733516,67
4OUTVTA,41.370249,-70.734326,68
4OUTVTA,41.365077,-70.739664,69
4OUTVTA,41.363068,-70.742982,70
4OUTVTA,41.361121,-70.744599,71
4OUTVTA,41.359356,-70.746297,72
4OUTVTA,41.357287,-70.748886,73
4OUTVTA,41.355397,-70.753338,74
4OUTVTA,41.353299,-70.757694,75
4OUTVTA,41.352128,-70.760779,76
4OUTVTA,41.352241,-70.762182,77
4OUTVTA,41.35203,-70.762717,78
4OUTVTA,41.351685,-70.763151,79
4OUTVTA,41.351282,-70.763941,80
4OUTVTA,41.352812,-70.764284,81
4OUTVTA,41.353037,-70.764358,82
4OUTVTA,41.353174,-70.764527,83
4OUTVTA,41.353223,-70.764914,84
4OUTVTA,41.353294,-70.765083,85
4OUTVTA,41.353415,-70.765229,86
4OUTVTA,41.354145,-70.765869,87
4OUTVTA,41.352524,-70.764289,88
4OUTVTA,41.351128,-70.763993,89
4OUTVTA,41.352123,-70.762252,90
4OUTVTA,41.352122,-70.760749,91
4OUTVTA,41.354404,-70.755192,92
4OUTVTA,41.353483,-70.754098,93
4OUTVTA,41.350682,-70.751412,94
4OUTVTA,41.346746,-70.745865,95
4OUTVTA,41.34462,-70.744681,96
4OUTVTA,41.34304,-70.743908,97
4OUTVTA,41.342594,-70.742415,98
5INVTA,41.380212,-70.674697,1
5INVTA,41.379786,-70.674761,2
5INVTA,41.379618,-70.674799,3
5INVTA,41.379207,-70.675154,4
5INVTA,41.377648,-70.676813,5
5INVTA,41.377358,-70.677222,6
5INVTA,41.376461,-70.678672,7
5INVTA,41.376299,-70.678919,8
5INVTA,41.375841,-70.679351,9
5INVTA,41.375841,-70.679351,10
5INVTA,41.373383,-70.681665,11
5INVTA,41.372584,-70.682737,12
5INVTA,41.372022,-70.683917,13
5INVTA,41.371418,-70.684928,14
5INVTA,41.371412,-70.684928,15
5INVTA,41.37125,-70.685113,16
5INVTA,41.36964,-70.686239,17
5INVTA,41.369122,-70.686508,18
5INVTA,41.368185,-70.686915,19
5INVTA,41.367307,-70.687482,20
5INVTA,41.366507,-70.688155,21
5INVTA,41.365159,-70.688547,22
5INVTA,41.362338,-70.68898,23
5INVTA,41.360507,-70.689624,24
5INVTA,41.360044,-70.689961,25
5INVTA,41.357685,-70.692539,26
5INVTA,41.357431,-70.692945,27
5INVTA,41.357105,-70.693644,28
5INVTA,41.356895,-70.694134,29
5INVTA,41.355993,-70.695008,30
5INVTA,41.355782,-70.695288,31
5INVTA,41.355572,-70.695666,32
5INVTA,41.353891,-70.6994,33
5INVTA,41.353723,-70.699666,34
5INVTA,41.353208,-70.700281,35
5INVTA,41.351091,-70.702587,36
5INVTA,41.349515,-70.704936,37
5INVTA,41.349347,-70.705356,38
5INVTA,41.348473,-70.709146,39
5INVTA,41.347087,-70.712626,40
5INVTA,41.347087,-70.712668,41
5INVTA,41.34676,-70.714123,42
5INVTA,41.346402,-70.715885,43
5INVTA,41.346415,-70.719085,44
5INVTA,41.346267,-70.719924,45
5INVTA,41.345636,-70.721364,46
5INVTA,41.345205,-70.7237,47
5INVTA,41.345005,-70.724077,48
5INVTA,41.344006,-70.725545,49
5INVTA,41.342179,-70.728443,50
5INVTA,41.341658,-70.732005,51
5INVTA,41.340619,-70.734077,52
5INVTA,41.340059,-70.734874,53
5INVTA,41.340059,-70.735034,54
5INVTA,41.340099,-70.735884,55
5INVTA,41.341494,-70.738013,56
5INVTA,41.341977,-70.73975,57
5INVTA,41.342608,-70.742481,58
5INVTA,41.34295,-70.743942,59
5INVTA,41.342858,-70.744216,60
5INVTA,41.341349,-70.745249,61
5INVTA,41.339289,-70.749446,62
5INVTA,41.338876,-70.751272,63
5INVTA,41.337321,-70.753583,64
5INVTA,41.335981,-70.755091,65
5INVTA,41.335547,-70.755546,66
5INVTA,41.333786,-70.756822,67
5INVTA,41.332986,-70.757399,68
5INVTA,41.331431,-70.758066,69
5INVTA,41.329396,-70.759433,70
5INVTA,41.328388,-70.76009,71
5INVTA,41.327314,-70.760362,72
5INVTA,41.326239,-70.760482,73
5INVTA,41.325508,-70.760816,74
5INVTA,41.325325,-70.761272,75
5INVTA,41.32505,-70.76185,76
5INVTA,41.324387,-70.762549,77
5INVTA,41.323791,-70.764252,78
5INVTA,41.322715,-70.766106,79
5INVTA,41.322508,-70.767597,80
5INVTA,41.322576,-70.768449,81
5INVTA,41.323169,-70.769363,82
5INVTA,41.323329,-70.769759,83
5INVTA,41.323665,-70.77107,84
5INVTA,41.32526,-70.775911,85
5INVTA,41.325579,-70.776277,86
5INVTA,41.327269,-70.777254,87
5INVTA,41.32752,-70.777833,88
5INVTA,41.327588,-70.778715,89
5INVTA,41.328708,-70.78178,90
5INVTA,41.329584,-70.783602,91
5INVTA,41.330264,-70.786593,92
5INVTA,41.330555,-70.788609,93
5INVTA,41.330846,-70.790104,94
5INVTA,41.331381,-70.792055,95
5INVTA,41.332258,-70.793357,96
5INVTA,41.334697,-70.794532,97
5INVTA,41.334403,-70.795246,98
5INVTA,41.334255,-70.79687,99
5INVTA,41.333522,-70.797519,100
5INVTA,41.332599,-70.799081,101
5INVTA,41.332709,-70.79918,102
5INVTA,41.333414,-70.797827,103
5INVTA,41.333784,-70.797311,104
5INVTA,41.334265,-70.797115,105
5INVTA,41.334415,-70.795613,106
5INVTA,41.334656,-70.795047,107
5INVTA,41.334896,-70.794679,108
5INVTA,41.335765,-70.795296,109
5INVTA,41.335875,-70.795665,110
5INVTA,41.336336,-70.79643,111
5INVTA,41.336894,-70.797073,112
5INVTA,41.339332,-70.799269,113
5INVTA,41.339701,-70.799738,114
5INVTA,41.340565,-70.803335,115
5INVTA,41.340748,-70.80464,116
5INVTA,41.34093,-70.807078,117
5INVTA,41.341077,-70.807817,118
5INVTA,41.34233,-70.810923,119
5INVTA,41.34335,-70.814414,120
5INVTA,41.343735,-70.81705,121
5INVTA,41.343917,-70.818946,122
5INVTA,41.344488,-70.820277,123
5INVTA,41.344746,-70.820992,124
5INVTA,41.344732,-70.824413,125
5INVTA,41.344817,-70.82495,126
5INVTA,41.347483,-70.833374,127
5INVTA,41.34744,-70.833685,128
5INVTA,41.347227,-70.834166,129
5INVTA,41.346503,-70.835493,130
5INVTA,41.346354,-70.83603,131
5INVTA,41.34657,-70.836428,132
5INVTA,41.34663,-70.836458,133
5OUTVTA,41.346627,-70.836451,1
5OUTVTA,41.346723,-70.836464,2
5OUTVTA,41.346839,-70.836443,3
5OUTVTA,41.346939,-70.836377,4
5OUTVTA,41.347532,-70.835935,5
5OUTVTA,41.34771,-70.835631,6
5OUTVTA,41.347825,-70.835146,7
5OUTVTA,41.347815,-70.834592,8
5OUTVTA,41.347722,-70.834093,9
5OUTVTA,41.347665,-70.833859,10
5OUTVTA,41.347896,-70.833356,11
5OUTVTA,41.348335,-70.832744,12
5OUTVTA,41.349097,-70.831459,13
5OUTVTA,41.349577,-70.83044,14
5OUTVTA,41.349952,-70.829444,15
5OUTVTA,41.350112,-70.828849,16
5OUTVTA,41.350407,-70.827733,17
5OUTVTA,41.350591,-70.826755,18
5OUTVTA,41.350642,-70.825841,19
5OUTVTA,41.350707,-70.823407,20
5OUTVTA,41.350795,-70.82246,21
5OUTVTA,41.350908,-70.821346,22
5OUTVTA,41.351075,-70.820294,23
5OUTVTA,41.351231,-70.819425,24
5OUTVTA,41.351423,-70.8181,25
5OUTVTA,41.351479,-70.817452,26
5OUTVTA,41.351522,-70.814808,27
5OUTVTA,41.351521,-70.813579,28
5OUTVTA,41.3514,-70.810711,29
5OUTVTA,41.351373,-70.808755,30
5OUTVTA,41.35137,-70.807579,31
5OUTVTA,41.3516,-70.804277,32
5OUTVTA,41.351812,-70.801047,33
5OUTVTA,41.351897,-70.799926,34
5OUTVTA,41.351787,-70.799174,35
5OUTVTA,41.351638,-70.798577,36
5OUTVTA,41.351438,-70.798193,37
5OUTVTA,41.350976,-70.79757,38
5OUTVTA,41.350451,-70.797151,39
5OUTVTA,41.35031,-70.797106,40
5OUTVTA,41.350217,-70.79716,41
5OUTVTA,41.349593,-70.79857,42
5OUTVTA,41.349213,-70.799268,43
5OUTVTA,41.34882,-70.799739,44
5OUTVTA,41.348559,-70.799961,45
5OUTVTA,41.34837,-70.800069,46
5OUTVTA,41.34797,-70.800172,47
5OUTVTA,41.347505,-70.800247,48
5OUTVTA,41.347226,-70.800253,49
5OUTVTA,41.346304,-70.800381,50
5OUTVTA,41.345779,-70.800465,51
5OUTVTA,41.345322,-70.800545,52
5OUTVTA,41.344778,-70.800664,53
5OUTVTA,41.344403,-70.800735,54
5OUTVTA,41.344115,-70.800804,55
5OUTVTA,41.343764,-70.800898,56
5OUTVTA,41.343222,-70.801037,57
5OUTVTA,41.342807,-70.801146,58
5OUTVTA,41.34218,-70.801279,59
5OUTVTA,41.341727,-70.801373,60
5OUTVTA,41.341606,-70.801392,61
5OUTVTA,41.341017,-70.80138,62
5OUTVTA,41.340399,-70.80131,63
5OUTVTA,41.340226,-70.801304,64
5OUTVTA,41.340096,-70.801331,65
5OUTVTA,41.339701,-70.799738,66
5OUTVTA,41.339332,-70.799269,67
5OUTVTA,41.336894,-70.797073,68
5OUTVTA,41.336336,-70.79643,69
5OUTVTA,41.335875,-70.795665,70
5OUTVTA,41.335765,-70.795296,71
5OUTVTA,41.334896,-70.794679,72
5OUTVTA,41.334697,-70.794532,73
5OUTVTA,41.332258,-70.793357,74
5OUTVTA,41.331381,-70.792055,75
5OUTVTA,41.330846,-70.790104,76
5OUTVTA,41.330555,-70.788609,77
5OUTVTA,41.330264,-70.786593,78
5OUTVTA,41.329584,-70.783602,79
5OUTVTA,41.328708,-70.78178,80
5OUTVTA,41.327588,-70.778715,81
5OUTVTA,41.32752,-70.777833,82
5OUTVTA,41.327269,-70.777254,83
5OUTVTA,41.325579,-70.776277,84
5OUTVTA,41.32526,-70.775911,85
5OUTVTA,41.323665,-70.77107,86
5OUTVTA,41.323329,-70.769759,87
5OUTVTA,41.323169,-70.769363,88
5OUTVTA,41.322576,-70.768449,89
5OUTVTA,41.322508,-70.767597,90
5OUTVTA,41.322715,-70.766106,91
5OUTVTA,41.323791,-70.764252,92
5OUTVTA,41.324387,-70.762549,93
5OUTVTA,41.32505,-70.76185,94
5OUTVTA,41.325325,-70.761272,95
5OUTVTA,41.325508,-70.760816,96
5OUTVTA,41.326239,-70.760482,97
5OUTVTA,41.327314,-70.760362,98
5OUTVTA,41.328388,-70.76009,99
5OUTVTA,41.329396,-70.759433,100
5OUTVTA,41.331431,-70.758066,101
5OUTVTA,41.332986,-70.757399,102
5OUTVTA,41.333786,-70.756822,103
5OUTVTA,41.335547,-70.755546,104
5OUTVTA,41.335981,-70.755091,105
5OUTVTA,41.337321,-70.753583,106
5OUTVTA,41.338876,-70.751272,107
5OUTVTA,41.339289,-70.749446,108
5OUTVTA,41.341349,-70.745249,109
5OUTVTA,41.342858,-70.744216,110
5OUTVTA,41.34295,-70.743942,111
5OUTVTA,41.342608,-70.742481,112
5OUTVTA,41.341977,-70.73975,113
5OUTVTA,41.341494,-70.738013,114
5OUTVTA,41.340099,-70.735884,115
5OUTVTA,41.340059,-70.735034,116
5OUTVTA,41.340059,-70.734874,117
5OUTVTA,41.340619,-70.734077,118
5OUTVTA,41.341658,-70.732005,119
5OUTVTA,41.342179,-70.728443,120
5OUTVTA,41.344006,-70.725545,121
5OUTVTA,41.345005,-70.724077,122
5OUTVTA,41.345205,-70.7237,123
5OUTVTA,41.345636,-70.721364,124
5OUTVTA,41.346267,-70.719924,125
5OUTVTA,41.346415,-70.719085,126
5OUTVTA,41.346402,-70.715885,127
5OUTVTA,41.34676,-70.714123,128
5OUTVTA,41.347087,-70.712668,129
5OUTVTA,41.347087,-70.712626,130
5OUTVTA,41.348473,-70.709146,131
5OUTVTA,41.349347,-70.705356,132
5OUTVTA,41.349515,-70.704936,133
5OUTVTA,41.351091,-70.702587,134
5OUTVTA,41.353208,-70.700281,135
5OUTVTA,41.353723,-70.699666,136
5OUTVTA,41.353891,-70.6994,137
5OUTVTA,41.355572,-70.695666,138
5OUTVTA,41.355782,-70.695288,139
5OUTVTA,41.355993,-70.695008,140
5OUTVTA,41.356895,-70.694134,141
5OUTVTA,41.357105,-70.693644,142
5OUTVTA,41.357431,-70.692945,143
5OUTVTA,41.357685,-70.692539,144
5OUTVTA,41.360044,-70.689961,145
5OUTVTA,41.360507,-70.689624,146
5OUTVTA,41.362338,-70.68898,147
5OUTVTA,41.365159,-70.688547,148
5OUTVTA,41.366507,-70.688155,149
5OUTVTA,41.367307,-70.687482,150
5OUTVTA,41.368185,-70.686915,151
5OUTVTA,41.369122,-70.686508,152
5OUTVTA,41.36964,-70.686239,153
5OUTVTA,41.37125,-70.685113,154
5OUTVTA,41.371412,-70.684928,155
5OUTVTA,41.371418,-70.684928,156
5OUTVTA,41.372022,-70.683917,157
5OUTVTA,41.372584,-70.682737,158
5OUTVTA,41.373383,-70.681665,159
5OUTVTA,41.375841,-70.679351,160
5OUTVTA,41.375841,-70.679351,161
5OUTVTA,41.376299,-70.678919,162
5OUTVTA,41.376461,-70.678672,163
5OUTVTA,41.377358,-70.677222,164
5OUTVTA,41.377648,-70.676813,165
5OUTVTA,41.379207,-70.675154,166
5OUTVTA,41.379618,-70.674799,167
5OUTVTA,41.379786,-70.674761,168
5OUTVTA,41.382003,-70.674463,169
5OUTVTA,41.38106,-70.67458,170
5OUTVTA,41.380215,-70.674694,171
6INVTA,41.381989,-70.674433,1
6INVTA,41.382363,-70.674388,2
6INVTA,41.38272,-70.674173,3
6INVTA,41.38296,-70.673801,4
6INVTA,41.383022,-70.673266,5
6INVTA,41.382754,-70.672358,6
6INVTA,41.382698,-70.671719,7
6INVTA,41.382771,-70.670053,8
6INVTA,41.38304,-70.664947,9
6INVTA,41.383378,-70.661161,10
6INVTA,41.383507,-70.655676,11
6INVTA,41.384091,-70.64991,12
6INVTA,41.384461,-70.646431,13
6INVTA,41.384303,-70.64336,14
6INVTA,41.384366,-70.641593,15
6INVTA,41.384587,-70.640204,16
6INVTA,41.38371,-70.628149,17
6INVTA,41.383678,-70.626339,18
6INVTA,41.383741,-70.624656,19
6INVTA,41.385173,-70.609492,20
6INVTA,41.386747,-70.609704,21
6INVTA,41.387394,-70.610135,22
6INVTA,41.388079,-70.610578,23
6INVTA,41.388392,-70.610578,24
6INVTA,41.388706,-70.610552,25
6INVTA,41.389001,-70.610717,26
6INVTA,41.389039,-70.610717,27
6INVTA,41.389486,-70.611109,28
6INVTA,41.389591,-70.611528,29
6INVTA,41.389344,-70.611845,30
6INVTA,41.389135,-70.61201,31
6INVTA,41.389011,-70.611984,32
6INVTA,41.388868,-70.611807,33
6INVTA,41.388849,-70.611642,34
6INVTA,41.388488,-70.611275,35
6INVTA,41.388345,-70.610996,36
6INVTA,41.388164,-70.610616,37
6INVTA,41.387584,-70.610325,38
6INVTA,41.386823,-70.609768,39
6INVTA,41.38513,-70.60949,40
6INVTA,41.385367,-70.60769,41
6INVTA,41.385662,-70.605142,42
6INVTA,41.385801,-70.603996,43
6INVTA,41.386405,-70.600372,44
6INVTA,41.387153,-70.59607,45
6INVTA,41.387195,-70.595356,46
6INVTA,41.38746,-70.591958,47
6INVTA,41.388191,-70.581288,48
6INVTA,41.388428,-70.577663,49
6INVTA,41.388473,-70.574625,50
6INVTA,41.386916,-70.557178,51
6INVTA,41.38592,-70.541164,52
6INVTA,41.385872,-70.53892,53
6INVTA,41.38615,-70.537237,54
6INVTA,41.386897,-70.535553,55
6INVTA,41.388097,-70.532985,56
6INVTA,41.389635,-70.528121,57
6INVTA,41.390781,-70.521085,58
6INVTA,41.390995,-70.520384,59
6INVTA,41.391387,-70.519524,60
6INVTA,41.390794,-70.517269,61
6INVTA,41.390859,-70.516585,62
6INVTA,41.390333,-70.51516,63
6INVTA,41.39101,-70.514605,64
6OUTVTA,41.39101,-70.514605,1
6OUTVTA,41.390333,-70.51516,2
6OUTVTA,41.390859,-70.516585,3
6OUTVTA,41.390794,-70.517269,4
6OUTVTA,41.391387,-70.519524,5
6OUTVTA,41.390995,-70.520384,6
6OUTVTA,41.390781,-70.521085,7
6OUTVTA,41.389635,-70.528121,8
6OUTVTA,41.388097,-70.532985,9
6OUTVTA,41.386897,-70.535553,10
6OUTVTA,41.38615,-70.537237,11
6OUTVTA,41.385872,-70.53892,12
6OUTVTA,41.38592,-70.541164,13
6OUTVTA,41.386916,-70.557178,14
6OUTVTA,41.388473,-70.574625,15
6OUTVTA,41.388428,-70.577663,16
6OUTVTA,41.388191,-70.581288,17
6OUTVTA,41.38746,-70.591958,18
6OUTVTA,41.387195,-70.595356,19
6OUTVTA,41.387153,-70.59607,20
6OUTVTA,41.386405,-70.600372,21
6OUTVTA,41.385801,-70.603996,22
6OUTVTA,41.385662,-70.605142,23
6OUTVTA,41.385367,-70.60769,24
6OUTVTA,41.38513,-70.60949,25
6OUTVTA,41.386823,-70.609768,26
6OUTVTA,41.387584,-70.610325,27
6OUTVTA,41.388164,-70.610616,28
6OUTVTA,41.388345,-70.610996,29
6OUTVTA,41.388488,-70.611275,30
6OUTVTA,41.388849,-70.611642,31
6OUTVTA,41.388868,-70.611807,32
6OUTVTA,41.389011,-70.611984,33
6OUTVTA,41.389135,-70.61201,34
6OUTVTA,41.389344,-70.611845,35
6OUTVTA,41.389591,-70.611528,36
6OUTVTA,41.389486,-70.611109,37
6OUTVTA,41.389039,-70.610717,38
6OUTVTA,41.389001,-70.610717,39
6OUTVTA,41.388706,-70.610552,40
6OUTVTA,41.388392,-70.610578,41
6OUTVTA,41.388079,-70.610578,42
6OUTVTA,41.387394,-70.610135,43
6OUTVTA,41.386747,-70.609704,44
6OUTVTA,41.385173,-70.609492,45
6OUTVTA,41.383741,-70.624656,46
6OUTVTA,41.383678,-70.626339,47
6OUTVTA,41.38371,-70.628149,48
6OUTVTA,41.384587,-70.640204,49
6OUTVTA,41.384366,-70.641593,50
6OUTVTA,41.384303,-70.64336,51
6OUTVTA,41.384461,-70.646431,52
6OUTVTA,41.384091,-70.64991,53
6OUTVTA,41.383507,-70.655676,54
6OUTVTA,41.383378,-70.661161,55
6OUTVTA,41.38304,-70.664947,56
6OUTVTA,41.382771,-70.670053,57
6OUTVTA,41.382698,-70.671719,58
6OUTVTA,41.382754,-70.672358,59
6OUTVTA,41.383022,-70.673266,60
6OUTVTA,41.38296,-70.673801,61
6OUTVTA,41.38272,-70.674173,62
6OUTVTA,41.382363,-70.674388,63
6OUTVTA,41.38185,-70.674497,64
6OUTVTA,41.38016,-70.674701,65
7INVTA,41.38843,-70.61055,1
7INVTA,41.38541,-70.60947,2
7INVTA,41.38508,-70.60900,3
7INVTA,41.38660,-70.60016,4
7INVTA,41.40578,-70.60424,5
7INVTA,41.40781,-70.60450,6
7INVTA,41.42458,-70.60111,7
7INVTA,41.43214,-70.59866,8
7INVTA,41.43375,-70.59741,9
7INVTA,41.43597,-70.59484,10
7INVTA,41.43922,-70.59196,11
7INVTA,41.44054,-70.58956,12
7INVTA,41.44408,-70.58544,13
7INVTA,41.44646,-70.58394,14
7INVTA,41.44746,-70.58300,15
7INVTA,41.44778,-70.58197,16
7INVTA,41.44778,-70.58111,17
7INVTA,41.44736,-70.57986,18
7INVTA,41.44643,-70.57669,19
7INVTA,41.44681,-70.57480,20
7INVTA,41.44829,-70.57518,21
7INVTA,41.45082,-70.57527,22
7INVTA,41.45313,-70.57544,23
7INVTA,41.45630,-70.57619,24
7INVTA,41.45770,-70.57617,25
7INVTA,41.46066,-70.57639,26
7INVTA,41.46220,-70.58051,27
7INVTA,41.46219,-70.58092,28
7INVTA,41.46141,-70.58190,29
7INVTA,41.46101,-70.58127,30
7INVTA,41.46088,-70.58105,31
7INVTA,41.46106,-70.58040,32
7INVTA,41.46104,-70.58035,33
7INVTA,41.46093,-70.58027,34
7INVTA,41.46161,-70.57935,35
7INVTA,41.46102,-70.57838,36
7INVTA,41.46135,-70.57817,37
7INVTA,41.46174,-70.57905,38
7INVTA,41.46545,-70.57564,39
7INVTA,41.46547,-70.57527,40
7INVTA,41.46045,-70.56907,41
7INVTA,41.45916,-70.56699,42
7INVTA,41.45857,-70.56471,43
7INVTA,41.45807,-70.56278,44
7INVTA,41.45786,-70.56242,45
7INVTA,41.45715,-70.56134,46
7INVTA,41.45715,-70.56014,47
7INVTA,41.45751,-70.55753,48
7INVTA,41.45722,-70.55765,49
7INVTA,41.45714,-70.55699,50
7OUTVTA,41.45689,-70.55619,1
7OUTVTA,41.45698,-70.55643,2
7OUTVTA,41.45757,-70.55616,3
7OUTVTA,41.45959,-70.55740,4
7OUTVTA,41.45967,-70.55758,5
7OUTVTA,41.45925,-70.55808,6
7OUTVTA,41.45882,-70.55821,7
7OUTVTA,41.45819,-70.55805,8
7OUTVTA,41.45751,-70.55746,9
7OUTVTA,41.45784,-70.55642,10
7OUTVTA,41.45756,-70.55622,11
7OUTVTA,41.45593,-70.55684,12
7OUTVTA,41.45488,-70.55654,13
7OUTVTA,41.45461,-70.55630,14
7OUTVTA,41.45443,-70.55583,15
7OUTVTA,41.45441,-70.55523,16
7OUTVTA,41.45453,-70.55465,17
7OUTVTA,41.45328,-70.55401,18
7OUTVTA,41.45228,-70.55367,19
7OUTVTA,41.45196,-70.55549,20
7OUTVTA,41.45191,-70.55713,21
7OUTVTA,41.45210,-70.55815,22
7OUTVTA,41.45125,-70.56233,23
7OUTVTA,41.45031,-70.56261,24
7OUTVTA,41.44974,-70.56285,25
7OUTVTA,41.44948,-70.56312,26
7OUTVTA,41.44905,-70.56354,27
7OUTVTA,41.44905,-70.56402,28
7OUTVTA,41.44928,-70.56545,29
7OUTVTA,41.44927,-70.56586,30
7OUTVTA,41.44807,-70.57042,31
7OUTVTA,41.44680,-70.57476,32
7OUTVTA,41.44257,-70.57376,33
7OUTVTA,41.44176,-70.57368,34
7OUTVTA,41.43867,-70.57388,35
7OUTVTA,41.43295,-70.57450,36
7OUTVTA,41.43108,-70.57488,37
7OUTVTA,41.42732,-70.57673,38
7OUTVTA,41.42555,-70.57819,39
7OUTVTA,41.41583,-70.58300,40
7OUTVTA,41.42056,-70.60081,41
7OUTVTA,41.42043,-70.60175,42
7OUTVTA,41.40852,-70.60432,43
7OUTVTA,41.40678,-70.60441,44
7OUTVTA,41.38647,-70.60016,45
7OUTVTA,41.38518,-70.60926,46
7OUTVTA,41.38879,-70.61068,47
8VTA,41.390984,-70.514666,1
8VTA,41.390312,-70.515209,2
8VTA,41.390786,-70.51653,3
8VTA,41.388376,-70.518765,4
8VTA,41.387636,-70.519113,5
8VTA,41.387004,-70.51937,6
8VTA,41.386058,-70.519226,7
8VTA,41.385208,-70.519081,8
8VTA,41.383357,-70.518245,9
8VTA,41.381724,-70.517316,10
8VTA,41.380819,-70.516898,11
8VTA,41.378235,-70.516955,12
8VTA,41.376093,-70.517911,13
8VTA,41.373635,-70.519608,14
8VTA,41.368795,-70.521627,15
8VTA,41.363559,-70.523329,16
8VTA,41.354277,-70.52874,17
8VTA,41.350778,-70.528872,18
8VTA,41.35064,-70.525256,19
8VTA,41.34953,-70.511851,20
8VTA,41.353156,-70.510724,21
8VTA,41.354276,-70.507862,22
8VTA,41.3549,-70.507827,23
8VTA,41.362719,-70.512134,24
8VTA,41.370477,-70.513737,25
8VTA,41.372324,-70.512968,26
8VTA,41.373472,-70.512966,27
8VTA,41.376945,-70.515022,28
8VTA,41.378269,-70.515784,29
8VTA,41.380825,-70.51665,30
8VTA,41.385346,-70.518837,31
8VTA,41.387319,-70.518966,32
8VTA,41.387818,-70.518666,33
8VTA,41.388915,-70.518064,34
8VTA,41.390537,-70.516564,35
8VTA,41.390136,-70.515267,36
8VTA,41.390859,-70.514433,37
9INVTA,41.38908,-70.61076,1
9INVTA,41.38947,-70.61117,2
9INVTA,41.38958,-70.61153,3
9INVTA,41.38938,-70.61178,4
9INVTA,41.38903,-70.61204,5
9INVTA,41.38871,-70.61151,6
9INVTA,41.38834,-70.61105,7
9INVTA,41.38828,-70.61085,8
9INVTA,41.38790,-70.61050,9
9INVTA,41.38751,-70.61023,10
9INVTA,41.38675,-70.60975,11
9INVTA,41.38520,-70.60945,12
9INVTA,41.38646,-70.60018,13
9INVTA,41.38992,-70.60089,14
9INVTA,41.40129,-70.60325,15
9INVTA,41.40472,-70.60409,16
9INVTA,41.40636,-70.60441,17
9INVTA,41.40684,-70.60445,18
9INVTA,41.40765,-70.60445,19
9INVTA,41.40901,-70.60418,20
9INVTA,41.41147,-70.60365,21
9INVTA,41.42081,-70.60175,22
9INVTA,41.41922,-70.59575,23
9INVTA,41.41886,-70.59445,24
9INVTA,41.41945,-70.59394,25
9INVTA,41.41998,-70.59388,26
9INVTA,41.42036,-70.59412,27
9INVTA,41.42055,-70.59494,28
9INVTA,41.42070,-70.59530,29
9INVTA,41.42094,-70.59548,30
9INVTA,41.42123,-70.59548,31
9INVTA,41.42183,-70.59535,32
9INVTA,41.42206,-70.59541,33
9INVTA,41.42242,-70.59561,34
9INVTA,41.42233,-70.59568,35
9INVTA,41.42192,-70.59545,36
9INVTA,41.42159,-70.59547,37
9INVTA,41.42123,-70.59554,38
9INVTA,41.42103,-70.59553,39
9INVTA,41.42067,-70.59544,40
9INVTA,41.42027,-70.59417,41
9INVTA,41.42003,-70.59402,42
9INVTA,41.41964,-70.59395,43
9INVTA,41.41932,-70.59416,44
9INVTA,41.41893,-70.59465,45
9INVTA,41.41698,-70.58745,46
9INVTA,41.41592,-70.58292,47
9INVTA,41.42559,-70.57825,48
9INVTA,41.42762,-70.57653,49
9INVTA,41.42926,-70.57588,50
9INVTA,41.43125,-70.57481,51
9INVTA,41.43327,-70.57431,52
9INVTA,41.43521,-70.57415,53
9INVTA,41.43960,-70.57386,54
9INVTA,41.44191,-70.57367,55
9INVTA,41.44677,-70.57475,56
9INVTA,41.45218,-70.57540,57
9INVTA,41.45463,-70.57574,58
9INVTA,41.45344,-70.57222,59
9INVTA,41.45254,-70.56858,60
9INVTA,41.45554,-70.56777,61
9INVTA,41.45476,-70.56276,62
9INVTA,41.45715,-70.56105,63
9INVTA,41.45711,-70.56057,64
9INVTA,41.45743,-70.55805,65
9INVTA,41.45699,-70.55638,66
9OUTVTA,41.457033,-70.556384,1
9OUTVTA,41.457366,-70.557662,2
9OUTVTA,41.457428,-70.55815,3
9OUTVTA,41.457268,-70.559178,4
9OUTVTA,41.457175,-70.559984,5
9OUTVTA,41.457136,-70.561037,6
9OUTVTA,41.457201,-70.561315,7
9OUTVTA,41.458117,-70.56277,8
9OUTVTA,41.458997,-70.56656,9
9OUTVTA,41.45919,-70.566966,10
9OUTVTA,41.460428,-70.568999,11
9OUTVTA,41.46234,-70.571352,12
9OUTVTA,41.465425,-70.575096,13
9OUTVTA,41.465505,-70.575331,14
9OUTVTA,41.46543,-70.575629,15
9OUTVTA,41.464419,-70.576638,16
9OUTVTA,41.461661,-70.579126,17
9OUTVTA,41.462068,-70.580367,18
9OUTVTA,41.462152,-70.580812,19
9OUTVTA,41.461694,-70.58137,20
9OUTVTA,41.461541,-70.581426,21
9OUTVTA,41.460817,-70.58048,22
9OUTVTA,41.460845,-70.580369,23
9OUTVTA,41.460761,-70.580128,24
9OUTVTA,41.460608,-70.580091,25
9OUTVTA,41.460636,-70.580277,26
9OUTVTA,41.46111,-70.581037,27
9OUTVTA,41.461527,-70.581537,28
9OUTVTA,41.46175,-70.581574,29
9OUTVTA,41.462041,-70.581184,30
9OUTVTA,41.462222,-70.580775,31
9OUTVTA,41.462221,-70.580534,32
9OUTVTA,41.461748,-70.579143,33
9OUTVTA,41.460804,-70.576624,34
9OUTVTA,41.460546,-70.576354,35
9OUTVTA,41.459276,-70.576258,36
9OUTVTA,41.456201,-70.576139,37
9OUTVTA,41.454967,-70.575748,38
9OUTVTA,41.452221,-70.575358,39
9OUTVTA,41.44846,-70.575196,40
9OUTVTA,41.446824,-70.57475,41
9OUTVTA,41.44644,-70.576349,42
9OUTVTA,41.447117,-70.57854,43
9OUTVTA,41.447837,-70.580999,44
9OUTVTA,41.447859,-70.581788,45
9OUTVTA,41.447785,-70.582225,46
9OUTVTA,41.447711,-70.582536,47
9OUTVTA,41.447384,-70.583227,48
9OUTVTA,41.447057,-70.583678,49
9OUTVTA,41.446476,-70.584018,50
9OUTVTA,41.444459,-70.585247,51
9OUTVTA,41.443192,-70.586419,52
9OUTVTA,41.441406,-70.588169,53
9OUTVTA,41.440593,-70.5897,54
9OUTVTA,41.439938,-70.591042,55
9OUTVTA,41.438429,-70.592931,56
9OUTVTA,41.437774,-70.59351,57
9OUTVTA,41.436749,-70.594159,58
9OUTVTA,41.435794,-70.595109,59
9OUTVTA,41.434319,-70.597125,60
9OUTVTA,41.433104,-70.598124,61
9OUTVTA,41.430394,-70.599249,62
9OUTVTA,41.426562,-70.6005,63
9OUTVTA,41.421046,-70.602128,64
9OUTVTA,41.41147,-70.60365,65
9OUTVTA,41.409012,-70.604181,66
9OUTVTA,41.407649,-70.604453,67
9OUTVTA,41.406838,-70.604454,68
9OUTVTA,41.406359,-70.604405,69
9OUTVTA,41.404718,-70.604088,70
9OUTVTA,41.401295,-70.603245,71
9OUTVTA,41.38992,-70.600893,72
9OUTVTA,41.386463,-70.600176,73
9OUTVTA,41.385203,-70.60945,74
9OUTVTA,41.386754,-70.609746,75
9OUTVTA,41.387508,-70.610227,76
9OUTVTA,41.387902,-70.610495,77
9OUTVTA,41.388284,-70.610849,78
9OUTVTA,41.388337,-70.611047,79
9OUTVTA,41.38871,-70.611514,80
9OUTVTA,41.389028,-70.612038,81
9OUTVTA,41.389379,-70.611783,82
9OUTVTA,41.389581,-70.611528,83
9OUTVTA,41.389474,-70.611174,84
9OUTVTA,41.389081,-70.610763,85
9OUTVTA,41.388582,-70.610566,86
9OUTVTA,41.388189,-70.610608,87
10VTA,41.45527,-70.601312,1
10VTA,41.455203,-70.60132,2
10VTA,41.45393,-70.601198,3
10VTA,41.453509,-70.603271,4
10VTA,41.452673,-70.604368,5
10VTA,41.452384,-70.604984,6
10VTA,41.452064,-70.605594,7
10VTA,41.451451,-70.60663,8
10VTA,41.450455,-70.609827,9
10VTA,41.44816,-70.614338,10
10VTA,41.446767,-70.615958,11
10VTA,41.445102,-70.613788,12
10VTA,41.446767,-70.615958,13
10VTA,41.44816,-70.614338,14
10VTA,41.450455,-70.609827,15
10VTA,41.451451,-70.60663,16
10VTA,41.452064,-70.605594,17
10VTA,41.452394,-70.604984,18
10VTA,41.452673,-70.604368,19
10VTA,41.453509,-70.603271,20
10VTA,41.45393,-70.601198,21
10VTA,41.455203,-70.60132,22
10VTA,41.45527,-70.601312,23

12VTA,41.34270,-70.74268,1
12VTA,41.34289,-70.74382,2
12VTA,41.34325,-70.74399,3
12VTA,41.34556,-70.74247,4
12VTA,41.34974,-70.73708,5
12VTA,41.35019,-70.73646,6
12VTA,41.35262,-70.73184,7
12VTA,41.35288,-70.73084,8
12VTA,41.35425,-70.72866,9
12VTA,41.35434,-70.72824,10
12VTA,41.35425,-70.72711,11
12VTA,41.35441,-70.72623,12
12VTA,41.35568,-70.72531,13
12VTA,41.35657,-70.72448,14
12VTA,41.35828,-70.72232,15
12VTA,41.35872,-70.72153,16,
12VTA,41.36044,-70.72002,17
12VTA,41.36264,-70.72300,18
12VTA,41.36355,-70.72458,19
12VTA,41.36422,-70.72544,20
12VTA,41.36492,-70.72620,21
12VTA,41.36560,-70.72734,22
12VTA,41.36666,-70.72909,23
12VTA,41.36739,-70.72963,24
12VTA,41.36815,-70.72984,25
12VTA,41.36993,-70.73096,26
12VTA,41.37045,-70.73149,27
12VTA,41.37150,-70.73280,28
12VTA,41.37098,-70.73327,29
12VTA,41.37059,-70.73377,30
12VTA,41.37027,-70.73436,31
12VTA,41.37002,-70.73470,32
12VTA,41.36463,-70.74048,33
12VTA,41.36276,-70.74327,34
12VTA,41.36157,-70.74439,35
12VTA,41.36003,-70.74555,36
12VTA,41.35807,-70.74798,37
12VTA,41.35735,-70.74908,38
12VTA,41.35503,-70.75388,39
12VTA,41.35284,-70.75858,40
12VTA,41.35217,-70.76063,41
12VTA,41.35208,-70.76115,42
12VTA,41.35221,-70.76207,43
12VTA,41.35217,-70.76242,44
12VTA,41.35162,-70.76328,45
12VTA,41.35137,-70.76395,46
12VTA,41.35287,-70.76430,47
12VTA,41.35322,-70.76468,48
12VTA,41.35332,-70.76509,49
12VTA,41.35446,-70.76629,50
12VTA,41.35336,-70.76520,51
12VTA,41.35325,-70.76506,52
12VTA,41.35320,-70.76473,53
12VTA,41.35290,-70.76441,54
12VTA,41.35136,-70.76401,55
12VTA,41.35207,-70.76262,56
12VTA,41.35224,-70.76225,57
12VTA,41.35206,-70.76107,58
12VTA,41.35279,-70.75856,59
12VTA,41.35428,-70.75535,60
12VTA,41.35413,-70.75479,61
12VTA,41.35384,-70.75441,62
12VTA,41.35057,-70.75126,63
12VTA,41.34734,-70.74664,64
12VTA,41.34652,-70.74557,65
12VTA,41.34602,-70.74517,66
12VTA,41.34420,-70.74460,67
12VTA,41.34321,-70.74405,68
12VTA,41.34291,-70.74370,69
12VTA,41.34273,-70.74276,70

SH_12IT,41.36628,-70.72616,1
SH_12IT,41.36586,-70.72635,2
SH_12IT,41.36571,-70.72744,3
SH_12IT,41.36662,-70.72901,4
SH_12IT,41.367,-70.7294,5
SH_12IT,41.36802,-70.72974,6
SH_12IT,41.37007,-70.73111,7
SH_12IT,41.37154,-70.73271,8
SH_12IT,41.37105,-70.7332,9
SH_12IT,41.37055,-70.73383,10
SH_12IT,41.37008,-70.73468,11
SH_12IT,41.36465,-70.74051,12
SH_12IT,41.36277,-70.74329,13
SH_12IT,41.36125,-70.74461,14
SH_12IT,41.35983,-70.74578,15
SH_12IT,41.35732,-70.74908,16
SH_12IT,41.35575,-70.75231,17
SH_12IT,41.35374,-70.75662,18
SH_12IT,41.35249,-70.75939,19
SH_12IT,41.3521,-70.76099,20
SH_12IT,41.3522,-70.76217,21
SH_12IT,41.35209,-70.76258,22
SH_12IT,41.35165,-70.76327,23
SH_12IT,41.3514,-70.76388,24
SH_12IT,41.35308,-70.76441,25
SH_12IT,41.35323,-70.76473,26
SH_12IT,41.35323,-70.765,27
SH_12IT,41.35474,-70.76657,28
SH_12IT,41.35463,-70.76663,29
SH_12IT,41.3532,-70.76499,30
SH_12IT,41.35317,-70.76459,31
SH_12IT,41.35305,-70.76438,32
SH_12IT,41.35143,-70.76383,33
SH_12IT,41.35163,-70.7633,34
SH_12IT,41.35206,-70.7626,35
SH_12IT,41.3522,-70.76223,36
SH_12IT,41.35212,-70.76104,37
SH_12IT,41.35247,-70.75944,38
SH_12IT,41.35432,-70.75541,39
SH_12IT,41.35413,-70.75476,40
SH_12IT,41.35069,-70.75144,41
SH_12IT,41.34668,-70.74573,42
SH_12IT,41.34625,-70.74526,43
SH_12IT,41.34385,-70.74448,44
SH_12IT,41.34299,-70.7438,45
SH_12IT,41.34265,-70.74249,46
SH_12IT,41.34293,-70.74366,47
SH_12IT,41.34318,-70.74404,48
SH_12IT,41.34565,-70.7424,49
SH_12IT,41.34973,-70.73706,50
SH_12IT,41.35039,-70.73612,51
SH_12IT,41.35256,-70.73197,52
SH_12IT,41.35286,-70.73086,53
SH_12IT,41.35358,-70.72966,54
SH_12IT,41.35413,-70.72877,55
SH_12IT,41.35438,-70.72802,56
SH_12IT,41.35428,-70.72709,57
SH_12IT,41.35439,-70.72619,58
SH_12IT,41.35564,-70.72535,59
SH_12IT,41.35657,-70.72439,60
SH_12IT,41.3583,-70.7223,61
SH_12IT,41.35882,-70.72132,62
SH_12IT,41.36043,-70.7201200000001,63
SH_12IT,41.36186,-70.7218700000001,64
SH_12IT,41.36327,-70.7240400000001,65
SH_12IT,41.36369,-70.7248200000001,66
SH_12IT,41.36429,-70.7255100000001,67
SH_12IT,41.365,-70.7262700000001,68
SH_12IT,41.3657,-70.7273200000001,69

SH_12SS,41.36628,-70.72616,1
SH_12SS,41.36586,-70.72635,2
SH_12SS,41.36571,-70.72744,3
SH_12SS,41.36662,-70.72901,4
SH_12SS,41.367,-70.7294,5
SH_12SS,41.36802,-70.72974,6
SH_12SS,41.37007,-70.73111,7
SH_12SS,41.37154,-70.73271,8
SH_12SS,41.37105,-70.7332,9
SH_12SS,41.37055,-70.73383,10
SH_12SS,41.37008,-70.73468,11
SH_12SS,41.36465,-70.74051,12
SH_12SS,41.36277,-70.74329,13
SH_12SS,41.36125,-70.74461,14
SH_12SS,41.35983,-70.74578,15
SH_12SS,41.35732,-70.74908,16
SH_12SS,41.35575,-70.75231,17
SH_12SS,41.35374,-70.75662,18
SH_12SS,41.35249,-70.75939,19
SH_12SS,41.3521,-70.76099,20
SH_12SS,41.3522,-70.76217,21
SH_12SS,41.35209,-70.76258,22
SH_12SS,41.35165,-70.76327,23
SH_12SS,41.3514,-70.76388,24
SH_12SS,41.35308,-70.76441,25
SH_12SS,41.35323,-70.76473,26
SH_12SS,41.35323,-70.765,27
SH_12SS,41.35474,-70.76657,28
SH_12SS,41.35463,-70.76663,29
